239,237,231,24,77,50,137,152,93,253,253,252,205,204,174
251,251,249,66,73,71,68,116,169,22,35,27,173,180,196
49,54,39,241,235,224,87,111,58,187,188,149,12,12,14
248,247,249,163,140,140,233,205,207,95,83,87,119,189,228
248,251,251,130,117,105,187,181,167,241,238,212,45,45,37
246,247,247,126,145,116,216,218,218,65,99,67,181,184,177
250,250,249,113,113,112,181,181,181,22,22,21,219,218,218
240,240,240,97,93,88,149,145,140,45,39,34,200,199,196
251,250,147,252,251,248,113,92,48,244,192,54,94,217,121
249,246,235,99,93,81,161,156,95,197,194,180,36,38,46
202,197,184,248,249,248,125,118,98,207,160,93,69,48,31
245,242,237,61,61,22,105,195,246,132,121,68,192,180,151
247,246,244,59,39,26,198,190,177,113,140,143,229,230,232
76,117,208,253,253,253,223,159,99,127,102,80,186,189,194
235,236,223,189,199,171,187,149,102,85,60,47,253,250,250
252,252,248,214,201,61,200,195,146,236,234,195,100,110,73
233,115,59,245,244,243,63,41,35,42,176,214,155,156,143
0,1,1,20,99,111,249,252,252,82,117,124,156,182,188
149,165,152,250,251,233,193,219,201,24,42,60,60,126,89
40,49,54,232,222,220,114,105,96,251,251,251,181,164,151
247,250,250,77,189,189,168,204,204,82,102,98,16,120,213
163,154,103,249,250,251,28,28,30,117,113,74,198,207,211
251,251,251,61,51,47,133,125,125,181,178,178,221,219,217
239,231,223,152,86,86,186,163,161,88,49,49,254,253,253
248,251,251,18,66,111,38,40,41,77,137,145,178,205,205
219,217,222,53,64,61,157,180,199,250,250,251,131,134,149
147,163,165,253,253,253,29,40,40,212,226,232,70,102,112
137,196,131,250,253,251,68,107,74,206,220,196,199,141,80
245,235,223,108,104,118,215,196,181,92,52,37,182,143,113
251,253,253,33,44,59,176,179,173,110,117,116,217,229,229
29,41,62,248,248,245,166,165,161,201,203,202,103,106,110
18,16,14,248,243,235,100,83,66,172,154,124,210,202,191
253,253,252,212,211,208,113,93,60,173,171,156,243,240,162
252,252,252,41,33,27,171,167,158,109,100,89,215,217,216
106,91,73,198,190,181,31,25,22,162,143,126,241,240,240
151,199,199,245,246,247,45,158,158,207,84,84,39,88,81
197,189,173,59,68,74,251,250,250,140,145,145,109,100,99
69,179,226,250,253,253,55,112,150,20,38,57,180,222,237
167,132,83,3,1,1,121,95,65,220,206,183,66,48,30
253,253,253,64,18,22,157,181,194,212,224,231,96,121,132
250,250,249,132,116,93,200,195,171,61,52,43,79,147,202
243,242,237,90,54,29,192,198,188,225,179,76,142,123,100
165,133,110,223,226,220,79,42,58,187,173,160,201,202,200
220,225,230,52,52,68,245,246,246,103,110,142,176,177,184
221,229,235,104,157,171,216,207,55,173,198,203,70,90,70
247,245,240,94,94,92,243,151,62,206,190,172,33,32,27
180,146,104,247,250,250,20,172,213,98,64,47,198,199,192
185,186,153,46,46,54,42,68,100,152,133,100,227,230,220
160,164,158,249,251,252,27,36,44,212,212,207,83,117,159
220,23,27,242,236,234,20,10,46,153,135,139,105,33,46
148,119,88,251,251,249,242,235,41,61,43,28,205,191,170
252,252,252,108,118,83,165,167,151,45,60,31,211,212,206
251,251,249,40,34,26,160,154,137,111,95,75,206,210,202
129,158,174,249,249,246,191,209,225,112,78,72,235,183,147
195,184,173,249,249,248,224,218,213,106,64,45,147,133,119
193,213,211,250,251,251,72,87,86,117,147,151,146,210,222
251,252,251,188,174,167,224,223,9,54,171,223,97,52,56
71,184,206,245,248,247,214,209,197,119,86,55,196,148,104
47,116,149,248,250,248,155,197,208,102,153,167,53,69,90
246,248,249,8,52,150,235,133,126,165,175,187,15,128,188
163,153,148,186,186,185,125,114,112,238,234,229,75,50,47
236,236,235,55,77,119,222,56,44,86,171,187,218,189,125
209,190,164,253,253,252,167,142,105,238,231,220,118,96,71
234,215,205,251,245,244,119,112,111,184,208,211,198,161,157
242,245,247,56,57,52,143,118,90,186,193,189,102,147,158
98,71,142,249,249,249,203,197,208,219,128,110,89,177,202
167,167,167,240,240,239,68,45,33,211,212,216,142,116,83
244,246,248,40,41,44,179,177,169,222,219,213,136,124,100
253,251,248,176,142,108,44,35,26,130,96,67,204,197,186
131,102,100,246,244,244,74,25,31,208,173,157,177,28,39
207,202,187,59,54,49,163,115,87,82,167,171,250,251,249
254,254,254,91,48,28,202,191,167,241,237,233,179,153,70
196,119,72,244,243,241,36,28,40,107,125,147,207,200,190
229,220,198,228,186,54,252,253,251,144,174,163,113,165,48
253,242,248,61,39,45,157,107,121,238,200,214,206,156,167
252,250,249,122,94,97,195,146,139,68,50,52,215,201,199
251,251,250,46,178,185,186,128,113,61,54,72,201,196,192
250,232,8,35,31,26,253,253,248,208,196,134,114,101,39
222,225,214,197,151,92,139,186,182,85,70,47,252,252,252
242,244,241,25,104,186,142,145,124,48,74,62,178,194,195
206,202,183,244,245,241,141,132,113,240,196,53,68,58,43
73,98,119,217,235,241,182,178,169,251,252,253,23,46,74
254,254,254,48,47,38,105,139,129,231,236,236,189,188,172
224,208,215,125,110,111,252,251,251,62,51,48,186,167,152
226,226,226,77,77,77,157,157,157,28,28,28,253,253,253
250,251,251,141,155,151,83,100,107,214,222,223,33,46,43
137,155,151,250,249,249,203,106,88,76,63,56,218,205,178
248,248,245,183,167,150,113,95,77,231,220,69,227,219,200
238,227,211,232,150,40,113,51,30,213,194,164,163,128,97
131,203,199,19,26,32,246,250,250,100,151,151,65,89,95
35,35,23,236,237,235,102,119,38,147,148,110,193,200,179
252,251,250,55,57,62,151,119,75,18,12,11,188,171,163
89,200,227,252,252,251,179,215,229,91,103,110,231,200,54
251,247,149,98,90,39,242,234,33,243,242,236,162,158,133
235,79,134,125,163,197,244,150,189,243,229,224,64,41,71
253,253,253,159,156,150,63,73,76,240,199,88,212,210,203
167,152,134,107,87,64,243,243,241,11,8,5,46,30,34
244,241,234,51,39,37,183,190,180,249,212,13,173,118,101
169,209,193,31,116,51,240,245,225,115,166,108,55,167,173
241,247,244,26,23,8,249,215,6,199,197,143,88,148,52
243,241,233,97,98,88,146,147,134,42,42,38,200,197,171
249,249,249,119,109,88,56,54,44,211,206,195,177,164,137
248,248,248,149,169,165,49,84,122,203,212,209,243,213,99
249,249,249,34,23,21,231,18,24,83,81,79,200,205,209
249,250,251,73,76,80,187,189,194,137,126,131,212,215,219
253,251,228,148,131,70,246,225,51,74,54,13,222,211,148
253,253,253,99,94,86,171,167,160,24,23,19,226,225,222
239,238,234,107,106,69,167,165,151,44,46,20,141,185,235
9,5,7,248,247,246,166,125,112,87,32,35,224,205,199
253,248,247,161,140,120,67,52,41,249,230,228,211,195,187
243,240,234,90,95,100,152,152,150,253,253,253,199,198,197
105,103,87,202,204,202,251,252,251,164,161,139,46,40,30
251,251,249,123,142,73,178,182,179,214,225,224,47,42,43
251,253,251,59,85,101,246,233,15,192,206,178,65,174,214
208,180,177,94,63,55,250,250,250,231,209,213,174,147,124
225,218,208,87,65,42,140,113,93,25,18,12,193,173,153
218,222,212,131,178,174,74,60,41,187,146,99,251,252,251
158,148,148,237,237,237,199,199,200,223,223,223,253,253,253
169,137,106,250,246,231,119,91,69,69,47,32,212,194,166
250,250,248,251,237,111,194,185,98,214,213,201,99,93,49
32,30,30,212,204,204,222,6,22,148,129,129,253,253,253
251,252,251,92,57,35,180,130,90,206,193,174,31,129,159
252,252,251,95,91,74,162,150,120,29,34,25,208,204,189
194,187,154,253,246,232,88,74,37,250,205,11,254,254,253
232,230,227,43,34,33,218,186,183,251,251,251,142,134,129
249,250,250,130,186,199,60,64,61,140,129,128,197,200,202
231,230,230,60,47,30,254,254,254,195,184,173,130,100,83
246,247,247,149,157,148,24,23,26,87,94,92,184,202,205
242,247,247,93,199,236,17,12,12,150,99,61,206,186,172
253,253,253,163,148,133,112,90,74,206,201,193,30,19,14
249,249,249,214,164,118,215,213,212,157,98,67,234,234,233
252,251,249,179,149,55,191,179,142,94,76,58,229,226,209
226,225,217,159,121,88,188,176,162,254,254,253,66,62,62
226,227,223,131,117,98,54,49,44,192,175,158,249,249,249
252,253,252,55,62,58,172,174,170,123,122,112,211,225,224
241,241,240,32,32,35,84,101,105,202,12,24,145,179,181
254,254,253,187,183,161,58,41,22,139,123,77,233,229,224
241,241,241,209,209,209,249,249,249,187,187,187,227,227,227
61,64,51,4,4,3,204,211,212,223,206,16,112,121,119
219,234,243,132,150,123,139,190,231,210,163,154,102,91,85
238,238,228,173,152,125,98,71,57,214,202,178,250,250,248
225,222,202,253,253,253,81,78,73,157,155,146,191,196,199
251,252,252,88,119,153,167,174,187,226,232,235,37,56,76
181,28,44,250,249,249,213,190,178,81,65,36,223,128,70
253,253,253,38,42,40,168,173,165,226,231,228,104,109,100
249,248,245,203,190,174,146,121,116,236,228,229,39,32,31
110,94,81,242,242,240,60,46,39,206,215,204,169,154,132
253,249,225,227,187,103,64,109,145,190,206,210,249,252,251
237,243,246,85,76,65,205,207,209,254,254,254,159,153,142
251,252,252,198,184,173,156,201,225,123,128,133,219,231,235
249,248,247,177,180,78,52,69,23,113,105,59,205,200,182
251,251,248,233,191,45,168,208,227,61,57,52,141,147,151
250,252,252,161,200,210,12,63,115,52,190,203,12,144,173
17,159,189,179,214,219,74,201,219,78,106,109,245,251,252
243,250,250,127,117,88,10,201,145,181,196,189,28,23,16
89,28,15,247,244,242,190,161,146,149,103,60,207,9,42
78,83,82,203,193,181,29,29,28,146,138,120,244,239,227
122,103,87,245,247,244,50,43,45,173,164,147,215,212,204
179,204,189,125,134,111,228,217,89,240,243,241,57,54,36
246,248,245,83,180,196,224,158,34,192,205,194,76,77,75
251,252,252,53,83,112,18,28,29,129,141,146,203,206,204
225,238,240,9,169,46,162,209,220,153,135,125,253,254,253
190,184,175,17,11,11,149,117,88,250,250,249,78,57,43
157,159,156,249,250,249,38,38,36,149,125,95,218,200,163
252,252,252,92,70,54,196,190,184,15,13,13,149,136,119
248,247,246,63,50,50,134,116,117,193,180,174,157,25,38
253,253,254,59,64,86,177,185,189,231,236,238,87,121,157
238,93,103,250,238,238,84,68,61,139,136,150,247,132,137
209,207,214,69,50,53,153,124,121,252,252,252,241,220,32
88,98,134,253,253,253,168,170,172,200,206,222,44,37,50
147,140,120,250,251,251,5,4,3,194,198,189,88,77,60
227,229,231,21,21,21,252,253,253,183,183,182,117,116,114
246,248,249,36,69,83,166,202,216,33,154,209,110,138,151
178,159,134,250,251,248,117,106,88,47,52,32,216,209,193
251,244,228,156,135,128,218,195,186,72,62,59,215,61,67
248,246,232,246,224,79,46,41,33,161,167,164,184,119,43
253,246,232,252,206,10,207,199,160,119,98,37,254,254,253
185,195,193,251,251,251,212,219,219,61,65,61,151,157,152
247,214,14,11,154,178,247,250,247,40,43,41,169,180,147
174,172,171,254,254,254,50,47,34,229,228,228,129,111,98
190,199,193,16,62,59,251,250,248,216,164,63,82,135,156
75,56,49,248,249,248,66,131,193,205,108,77,113,192,224
250,251,250,122,160,169,53,54,46,216,134,114,215,212,204
202,199,191,41,41,34,127,157,174,124,106,87,251,251,251
251,249,247,143,137,106,224,218,204,83,69,41,191,184,165
252,252,252,150,144,133,38,36,32,219,218,214,239,222,63
248,250,250,34,102,155,102,152,179,94,184,242,180,208,225
56,53,52,236,228,217,121,106,91,203,38,41,199,155,129
254,254,254,95,114,104,196,203,205,232,235,237,159,167,163
167,185,190,232,233,231,150,139,105,68,93,82,33,36,26
248,247,247,54,44,42,232,118,115,209,198,188,127,129,124
207,138,236,211,39,42,106,42,154,249,241,236,243,111,51
169,124,90,196,150,113,231,219,202,213,169,131,135,65,50
254,254,254,205,204,200,74,104,121,158,160,161,235,237,234
248,250,250,121,111,75,45,48,24,179,167,136,210,209,201
99,131,150,247,247,248,211,220,227,62,69,75,177,184,189
249,249,245,52,33,15,159,157,142,213,220,217,86,92,96
253,253,253,122,109,106,41,35,31,238,230,18,196,191,185
127,137,108,10,69,48,70,99,77,4,43,18,173,176,151
188,190,189,61,59,57,253,253,253,227,227,226,138,130,129
221,212,201,87,74,73,152,143,137,249,248,247,26,20,19
82,73,73,253,254,253,168,122,117,12,10,9,210,205,204
235,235,235,173,127,120,98,84,109,213,194,169,43,33,32
221,220,212,77,66,46,190,183,171,244,242,238,154,133,102
250,251,252,28,27,27,173,167,160,103,97,97,218,219,216
56,53,54,177,184,181,128,122,112,248,248,247,231,74,76
250,247,235,108,121,72,64,46,35,226,218,179,174,178,102
4,79,109,218,220,221,230,180,61,83,120,111,36,38,33
209,176,161,251,251,251,58,40,36,226,225,225,152,111,95
200,208,203,253,253,253,82,93,86,141,151,145,29,33,31
246,246,246,83,78,79,151,147,147,7,6,20,207,208,205
253,252,252,155,120,80,196,173,144,83,62,38,228,216,205
247,242,235,195,186,173,60,51,45,219,203,78,128,119,112
102,114,116,7,151,223,27,31,36,243,251,253,176,224,246
84,62,43,243,242,240,238,221,76,191,171,164,227,128,26
220,209,201,139,102,73,191,161,132,248,248,247,55,39,27
252,252,252,50,36,27,220,126,116,106,135,161,207,199,202
253,254,253,133,108,88,188,176,156,61,39,30,228,227,224
118,158,141,242,240,233,84,98,86,35,44,35,198,198,191
252,252,247,244,224,49,200,204,195,116,119,71,241,230,122
251,252,252,159,196,190,215,215,213,133,127,111,53,48,41
249,244,233,125,101,81,69,58,52,167,146,128,230,207,201
40,24,20,251,252,251,200,169,153,177,76,41,88,122,172
252,249,249,141,145,128,241,141,153,62,61,52,213,208,202
250,251,250,43,40,36,167,144,112,216,213,191,188,45,36
210,217,216,247,248,246,57,57,53,136,164,173,32,125,155
190,143,67,252,252,252,26,19,15,231,233,224,219,195,148
216,216,216,43,43,43,252,252,252,105,105,105,161,161,161
31,25,20,217,219,217,167,163,154,109,92,80,252,252,251
253,253,253,194,196,192,84,85,78,228,234,233,145,144,137
99,76,49,252,251,249,164,137,91,218,211,196,27,23,17
4,166,206,216,56,32,107,207,227,219,127,98,222,225,218
85,73,65,249,249,248,202,200,197,43,35,30,135,138,143
249,250,251,75,65,69,140,205,220,215,214,216,185,155,158
166,148,125,13,48,86,212,201,188,97,81,77,10,25,44
247,248,247,43,39,37,247,122,22,190,172,147,22,182,179
10,37,28,246,247,249,90,110,94,150,156,137,45,79,57
253,253,253,39,37,34,178,173,165,112,106,97,225,223,220
44,40,35,250,249,249,146,131,118,98,87,80,212,210,209
202,230,216,90,77,62,251,251,250,184,172,151,228,233,225
248,250,247,44,105,174,163,181,192,239,234,113,98,113,108
201,158,147,250,241,237,219,203,201,185,102,77,46,25,20
252,252,250,153,158,159,247,239,72,85,94,94,203,208,206
248,250,246,56,180,207,116,79,137,121,213,229,226,226,69
251,251,250,64,55,56,205,151,103,215,205,191,143,97,79
242,247,250,86,168,205,74,72,54,197,216,224,174,159,139
253,253,254,94,68,52,226,234,244,156,149,152,201,208,216
245,246,242,170,143,15,48,37,17,248,218,15,166,176,192
252,250,249,30,59,111,214,66,55,40,17,15,181,164,164
212,204,198,63,62,61,253,249,249,180,155,143,115,113,113
251,251,250,123,79,56,144,136,120,50,27,13,200,192,177
249,248,248,187,124,75,110,70,34,206,171,143,227,219,215
252,253,251,106,203,229,203,183,149,65,91,78,240,231,86
250,250,249,93,90,57,160,144,116,31,32,15,210,202,181
58,51,42,251,251,250,147,126,107,240,225,34,204,198,185
253,253,253,175,141,134,210,197,187,64,49,45,245,238,234
166,142,130,252,250,251,15,12,10,209,205,208,81,65,57
213,205,175,249,249,248,55,112,159,176,146,78,79,53,29
252,252,250,251,171,16,143,141,133,207,204,193,23,23,22
252,203,211,134,25,41,212,124,115,247,237,230,241,176,175
253,253,253,129,65,34,197,141,83,228,218,206,206,182,154
168,198,187,253,253,252,246,200,116,248,223,189,128,117,90
248,248,246,152,49,40,229,185,94,152,148,133,215,208,195
251,251,251,114,112,110,161,160,160,36,35,33,214,212,213
6,110,174,179,213,231,54,75,70,247,252,252,103,156,186
251,251,250,243,151,22,89,85,65,251,241,208,179,175,145